10 -7 0 7
-3 2 6 4
5 -1 5 6 (0 -1 1)
10 -7 0; -3 2 6; 5 -1 5


0 2 3 4
5 2 6 7
8 1 3 2
0 2 3; 5 2 6; 8 1 3

1 2 1 5
-1 3 -2 3
-1 -7 4 -5
1 2 1; -1 3 -2; -1 -7 4

2 5 4 1 20
1 3 2 1 11
2 10 9 7 40
3 8 9 2 37 (1 2 2 0)
2 5 4 1; 1 3 2 1; 2 10 9 7; 3 8 9 2


7 -2 -1 2
6 -4 -5 3
1 2 4 5 (нет решений)
7 -2 -1; 6 -4 -5; 1 2 4

2 6 3 1 7 4
2 5 3 1 9 56
23 4 12 67 43 21
2 15 31 26 7 9
91 12 21 3 43 2
2 6 3 1 7; 2 5 3 1 9; 23 4 12 67 43; 2 15 31 26 7; 91 12 21 3 43


10 0 0 0 0 0 0 0 0 0 0 0 0 0 0 0 0 0 0 20
5 10 0 0 0 0 0 0 0 0 0 0 0 0 0 0 0 0 0 -10
5 0 30 0 0 0 0 0 0 0 0 0 0 0 0 0 0 0 0 40
0 0 -5 40 0 0 0 0 0 0 0 0 0 0 0 0 0 0 0 35
0 0 0 0 10 0 0 0 0 0 0 0 0 0 0 0 0 0 0 20
0 0 0 0 5 10 0 0 0 0 0 0 0 0 0 0 0 0 0 -10
0 0 0 0 5 0 30 0 0 0 0 0 0 0 0 0 0 0 0 40
0 0 0 0 0 0 -5 40 0 0 0 0 0 0 0 0 0 0 0 35
0 0 0 0 0 0 0 0 10 0 0 0 0 0 0 0 0 0 0 20
0 0 0 0 0 0 0 0 5 10 0 0 0 0 0 0 0 0 0 -10
0 0 0 0 0 0 0 0 5 0 30 0 0 0 0 0 0 0 0 40
0 0 0 0 0 0 0 0 0 0 -5 40 0 0 0 0 0 0 0 35
0 0 0 0 0 0 0 0 0 0 0 0 10 0 0 0 0 0 0 20
0 0 0 0 0 0 0 0 0 0 0 0 5 10 0 0 0 0 0 -10
0 0 0 0 0 0 0 0 0 0 0 0 5 0 30 0 0 0 0 40
0 0 0 0 0 0 0 0 0 0 0 0 0 0 -5 40 0 0 0 35
0 0 0 0 0 0 0 0 0 0 0 0 0 0 0 0 10 0 0 20
0 0 0 0 0 0 0 0 0 0 0 0 0 0 0 0 0 10 0 50
0 0 0 0 0 0 0 0 0 0 0 0 0 0 0 0 0 0 10 50



4 2 -5 12 2 4 7 5
2 -1 -8 -6 3 11 1 0
0 2 11 -9 -4 1 8 12
1 2 3 4 5 6 7 8
-1 -2 -3 -4 -5 -6 -4 -9
3 9 -8 2 -5 3 9 20
3 -4 -7 -2 -9 5 3 5

4 2 -5 12 2 4 7; 2 -1 -8 -6 3 11 1; 0 2 11 -9 -4 1 8; 1 2 3 4 5 6 7; -1 -2 -3 -4 -5 -6 -4; 3 9 -8 2 -5 3 9; 3 -4 -7 -2 -9 5 3